[gd_scene load_steps=6 format=2]

[ext_resource path="res://RoadBase.tscn" type="PackedScene" id=1]
[ext_resource path="res://assets/Tree_2.obj" type="ArrayMesh" id=2]
[ext_resource path="res://assets/Tree_1.obj" type="ArrayMesh" id=3]
[ext_resource path="res://FallenTree.tscn" type="PackedScene" id=4]
[ext_resource path="res://DoubleHurdle.tscn" type="PackedScene" id=5]

[node name="Road2" instance=ExtResource( 1 )]

[node name="FallenTree" parent="Grass/Sand/Obstacles" index="0" instance=ExtResource( 4 )]
transform = Transform( 0.984307, 0, 0.176466, 0, 1, 0, -0.176466, 0, 0.984307, -4.60001, 0.489902, 16.9758 )

[node name="FallenTree2" parent="Grass/Sand/Obstacles" index="1" instance=ExtResource( 4 )]
transform = Transform( -0.99043, 0, -0.138015, 0, 1, 0, 0.138015, 0, -0.99043, 5.7874, 0.468999, 18.3593 )

[node name="DoubleHurdle" parent="Grass/Sand/Obstacles" index="2" instance=ExtResource( 5 )]
transform = Transform( 1, 0, 0, 0, 1, 0, 0, 0, 1, -3.20222, 0.6, 0.64077 )

[node name="DoubleHurdle2" parent="Grass/Sand/Obstacles" index="3" instance=ExtResource( 5 )]
transform = Transform( 1, 0, 0, 0, 1, 0, 0, 0, 1, 0.213313, 0.6, -6.57367 )

[node name="Tree_2" type="MeshInstance" parent="Grass/Trees" index="0"]
transform = Transform( 0.345577, 0, -0.93839, 0, 1, 0, 0.93839, 0, 0.345577, 4.64816, 0.4, 1.99037 )
mesh = ExtResource( 2 )
skeleton = NodePath("../..")

[node name="Tree_6" type="MeshInstance" parent="Grass/Trees" index="1"]
transform = Transform( -0.539315, 0, -0.842104, 0, 0.801001, 0, 0.842104, 0, -0.539315, 6.03276, 0.4, 12.3097 )
mesh = ExtResource( 2 )
skeleton = NodePath("../..")

[node name="Tree_3" type="MeshInstance" parent="Grass/Trees" index="2"]
transform = Transform( -1.28438, 0, -0.626961, 0, 1.42923, 0, 0.626961, 0, -1.28438, 7.25391, 0.4, 5.68945 )
mesh = ExtResource( 2 )
skeleton = NodePath("../..")

[node name="Tree_4" type="MeshInstance" parent="Grass/Trees" index="3"]
transform = Transform( 2.01884, 0, 0.673459, 0, 2.12821, 0, -0.673459, 0, 2.01884, 8.82446, 0.4, 13.8024 )
mesh = ExtResource( 2 )
skeleton = NodePath("../..")

[node name="Tree_5" type="MeshInstance" parent="Grass/Trees" index="4"]
transform = Transform( 0.935465, 0, -1.35431, 0, 1.64598, 0, 1.35431, 0, 0.935465, 6.86003, 0.4, 4.37197 )
mesh = ExtResource( 2 )
skeleton = NodePath("../..")

[node name="Tree_1" type="MeshInstance" parent="Grass/Trees" index="5"]
transform = Transform( 0.608522, 0, -0.676806, 0, 0.910146, 0, 0.676806, 0, 0.608522, -8.30976, 0.399999, -15.5567 )
mesh = ExtResource( 3 )
skeleton = NodePath("")

[node name="Tree_7" type="MeshInstance" parent="Grass/Trees" index="6"]
transform = Transform( -0.877506, 0, -0.479565, 0, 1, 0, 0.479565, 0, -0.877506, -8.03407, 0.4, -10.0811 )
mesh = ExtResource( 3 )
skeleton = NodePath("")

[node name="Tree_8" type="MeshInstance" parent="Grass/Trees" index="7"]
transform = Transform( 0.80452, 0, 0, 0, 0.80452, 0, 0, 0, 0.80452, -6.84918, 0.4, -10.3987 )
mesh = ExtResource( 3 )
skeleton = NodePath("")

[node name="Tree_9" type="MeshInstance" parent="Grass/Trees" index="8"]
transform = Transform( -1.01005, 0, 0.401824, 0, 1.08704, 0, -0.401824, 0, -1.01005, -8.39502, 0.4, -13.8487 )
mesh = ExtResource( 3 )
skeleton = NodePath("")

[node name="Tree_10" type="MeshInstance" parent="Grass/Trees" index="9"]
transform = Transform( -1.32156, 0, -0.553525, 0, 1.4328, 0, 0.553525, 0, -1.32156, -7.07977, 0.400002, 17.6932 )
mesh = ExtResource( 3 )
skeleton = NodePath("")
